      0/49     11.8G      5.75        88         0      93.7         6       512  0.000179    0.0098  0.000231  0.000351      5.74      14.5         0
      1/49     11.8G      7.14      7.56         0      14.7         7       512         0         0         0         0      5.58      2.16         0
      2/49     11.8G      7.07      2.79         0      9.86        10       512         0         0         0         0      5.08      1.97         0
      3/49     11.8G      5.55      2.63         0      8.18         7       512         0         0         0         0      4.88      2.13         0
      4/49     11.8G      4.79      3.48         0      8.27        12       512         0         0         0         0      4.73      2.39         0
      5/49     11.8G      4.24      3.56         0       7.8         8       512         0         0         0         0       4.9      2.48         0
      6/49     11.8G      4.76      3.61         0      8.37         8       512         0         0         0         0       4.7      2.34         0
      7/49     11.8G       4.4      3.64         0      8.03         6       512         0         0         0         0      4.15      2.21         0
      8/49     11.8G      4.35      3.21         0      7.56         8       512         0         0         0         0      4.42      1.85         0
      9/49     11.8G      4.38      3.55         0      7.92         9       512      0.44   0.00862     0.138    0.0169      5.11      1.39         0
     10/49     11.8G      5.45       3.3         0      8.74         8       512     0.503     0.608       0.5     0.551       4.4      1.11         0
     11/49     11.8G      4.91      3.08         0      7.99         7       512     0.352     0.716     0.501     0.472      4.52      1.23         0
     12/49     11.8G      3.88      2.13         0      6.01         5       512     0.141     0.804     0.489     0.241      5.58      2.23         0
     13/49     11.8G      4.95      2.32         0      7.27         8       512     0.152     0.833     0.467     0.257       4.6      3.08         0
     14/49     11.8G      3.96      1.87         0      5.83         7       512     0.209     0.765     0.548     0.328      4.84      2.37         0
     15/49     11.8G      5.47      1.66         0      7.13         8       512     0.144     0.725     0.433      0.24      5.29      1.78         0
     16/49     11.8G      4.37      1.62         0      5.99         9       512      0.26     0.676     0.456     0.376      3.93     0.956         0
     17/49     11.8G      3.74      1.36         0       5.1        11       512     0.246     0.363     0.148     0.293      4.62     0.867         0
     18/49     11.8G      4.02      1.21         0      5.23         5       512     0.594     0.539     0.481     0.565      4.92     0.901         0
     19/49     11.8G      5.08      1.36         0      6.45        11       512     0.671     0.588     0.589     0.627      3.99     0.864         0
     20/49     11.8G      4.44      1.23         0      5.67         7       512     0.701     0.782     0.729      0.74      4.16     0.736         0
     21/49     11.8G      4.31     0.929         0      5.24         6       512     0.537     0.716     0.663     0.614         4     0.697         0
     22/49     11.8G      3.18     0.923         0       4.1         6       512     0.656     0.692     0.696     0.673      4.18     0.673         0
     23/49     11.8G      3.84      1.25         0      5.09        11       512     0.726     0.647     0.718     0.684      3.93     0.665         0
     24/49     11.8G      4.46     0.876         0      5.34         7       512     0.719     0.753     0.733     0.736      4.11     0.637         0
     25/49     11.8G      3.27      1.06         0      4.33         7       512     0.782     0.703     0.766      0.74      3.21     0.629         0
     26/49     11.8G      3.12     0.919         0      4.04         6       512     0.721     0.765     0.741     0.742      3.39     0.597         0
     27/49     11.8G      3.88      1.02         0       4.9        10       512     0.794      0.72      0.75     0.755      2.72     0.605         0
     28/49     11.8G      3.69     0.852         0      4.55         5       512     0.821     0.814     0.864     0.817      2.65     0.563         0
     29/49     11.8G         3     0.859         0      3.86         7       512     0.763     0.854      0.87     0.806      2.33     0.547         0
     30/49     11.8G      3.44     0.887         0      4.32         8       512     0.822     0.817     0.859      0.82      2.39     0.556         0
     31/49     11.8G      2.76     0.888         0      3.64         6       512     0.854     0.801      0.86     0.827      2.66     0.558         0
     32/49     11.8G      3.18     0.852         0      4.03         9       512     0.898     0.773     0.866      0.83      2.45     0.561         0
     33/49     11.8G       2.8     0.857         0      3.66         7       512     0.893     0.819     0.868     0.854      2.32     0.536         0
     34/49     11.8G      2.69     0.859         0      3.55        10       512     0.896     0.849     0.888     0.872      2.38     0.518         0
     35/49     11.8G      2.74     0.744         0      3.48         6       512     0.898     0.882     0.891      0.89      2.27     0.507         0
     36/49     11.8G      3.22     0.743         0      3.96         7       512     0.905     0.845     0.882     0.874      2.21     0.498         0
     37/49     11.8G      2.73     0.707         0      3.44         7       512     0.919     0.853     0.901     0.885      2.29     0.484         0
     38/49     11.8G      2.84     0.777         0      3.62         7       512     0.916     0.855      0.91     0.884      2.07     0.468         0
     39/49     11.8G       2.7     0.809         0      3.51         9       512     0.889     0.853     0.909     0.871      2.01     0.466         0
     40/49     11.8G       2.9     0.789         0      3.69        11       512     0.908     0.868     0.909     0.887      2.04     0.457         0
     41/49     11.8G      2.21     0.679         0      2.89         5       512     0.917     0.871     0.906     0.894      1.84     0.447         0
     42/49     11.8G      2.31      0.78         0      3.09         7       512     0.898     0.865     0.908     0.881      1.87      0.44         0
     43/49     11.8G      2.75     0.792         0      3.54         9       512     0.899     0.882     0.903     0.891      1.74     0.437         0
     44/49     11.8G      2.45     0.742         0      3.19         7       512      0.89     0.892     0.911     0.891      1.81     0.429         0
     45/49     11.8G      2.38     0.637         0      3.01         7       512     0.899     0.892     0.918     0.896      1.81     0.424         0
     46/49     11.8G       2.2     0.692         0      2.89         8       512     0.894     0.906     0.917       0.9       1.9     0.421         0
     47/49     11.8G      2.76      0.61         0      3.37         8       512     0.903     0.911     0.925     0.907      1.87      0.42         0
     48/49     11.8G      2.41     0.619         0      3.02         5       512     0.915     0.922     0.928     0.918      1.71     0.417         0
     49/49     11.8G      2.46     0.622         0      3.08         5       512     0.922     0.928     0.937     0.925      1.74     0.412         0
